784
166 33 166 44
144 44 144 51
0 54 1 59
23 21 25 24
119 15 124 16
175 39 175 46
149 48 149 59
87 46 98 46
65 0 70 1
74 22 85 22
113 43 123 43
178 2 179 7
139 7 139 18
1 6 12 6
3 54 14 54
155 6 155 17
0 45 1 47
97 30 108 30
61 39 72 39
117 32 120 34
71 46 82 46
111 33 116 34
165 34 165 45
171 43 171 54
165 1 165 12
142 29 142 40
9 26 20 26
133 17 133 28
143 12 143 23
74 27 77 29
61 4 66 5
106 7 117 7
128 24 128 35
146 1 149 3
116 1 127 1
140 4 140 15
23 15 28 16
58 21 60 24
168 13 169 18
179 15 179 26
176 4 176 15
49 9 51 12
17 50 22 51
116 13 127 13
64 31 69 32
39 0 47 0
27 21 38 21
96 36 99 38
86 3 91 4
76 6 81 7
127 52 129 54
86 44 91 45
16 11 18 11
155 50 160 51
140 18 140 29
79 38 86 38
71 45 74 45
36 46 36 57
131 17 132 22
174 8 174 19
46 48 46 59
155 18 155 29
135 32 135 43
0 48 2 51
83 40 90 40
12 44 23 44
55 56 60 57
162 23 173 23
172 4 172 15
88 58 99 58
178 14 178 25
126 56 129 58
156 32 156 43
120 0 130 0
87 53 98 53
150 57 153 59
79 53 84 54
158 29 158 40
68 20 68 27
101 43 106 44
37 48 38 53
91 11 92 16
122 30 124 33
89 28 94 29
61 53 72 53
123 55 125 58
28 2 30 5
70 33 81 33
69 22 71 25
133 0 144 0
67 49 78 49
144 32 144 43
158 48 160 49
88 8 88 19
146 17 146 28
67 52 78 52
101 26 106 27
24 19 35 19
91 24 93 24
105 3 116 3
10 23 21 23
178 41 178 52
41 48 42 53
114 44 114 55
125 14 136 14
39 23 39 26
104 38 107 40
92 31 97 32
161 47 161 58
12 9 23 9
114 25 119 26
19 1 30 1
145 14 146 16
110 14 121 14
75 12 80 13
43 48 43 59
162 57 164 59
173 41 173 52
10 27 15 28
2 52 7 53
86 8 87 13
95 33 100 34
137 41 137 52
26 40 26 51
77 39 88 39
43 20 46 22
119 11 130 11
130 55 135 56
111 59 122 59
52 47 63 47
89 6 100 6
160 5 161 10
56 8 56 19
56 3 58 6
26 37 29 39
15 29 26 29
157 31 157 42
140 40 141 45
64 6 75 6
136 6 137 11
103 33 108 34
25 56 27 59
61 54 66 55
150 12 151 17
82 8 83 13
152 18 152 29
49 48 49 59
93 11 104 11
165 48 165 59
41 33 42 38
141 6 141 17
40 33 40 44
140 46 141 51
10 42 21 42
7 26 8 31
53 37 64 37
6 12 9 14
78 24 89 24
109 21 120 21
66 38 77 38
1 9 3 12
154 4 154 15
45 6 46 11
3 56 6 57
2 27 4 30
43 14 45 17
67 4 72 5
149 24 149 35
60 2 71 2
179 32 179 43
29 27 40 27
107 43 110 45
1 7 10 7
60 59 71 59
126 43 126 54
152 30 152 41
154 48 154 59
148 31 148 42
101 53 106 54
125 24 125 35
122 47 122 58
67 15 72 16
98 20 109 20
105 6 116 6
27 25 37 25
148 18 148 29
52 33 52 44
164 3 164 14
101 32 112 32
29 47 29 58
22 18 33 18
71 1 82 1
105 5 116 5
126 21 126 32
148 43 148 54
114 56 117 58
175 16 175 27
94 7 99 8
30 37 30 48
168 34 168 45
102 45 105 47
24 7 29 8
60 32 63 34
12 12 23 12
2 25 13 25
19 36 30 36
85 14 87 17
104 13 115 13
83 52 94 52
88 35 99 35
8 24 19 24
98 22 109 22
149 18 150 23
89 10 92 10
170 30 170 41
177 4 177 15
118 44 123 45
84 18 87 20
111 43 112 44
73 0 84 0
48 16 48 27
127 44 130 46
14 34 17 36
8 55 19 55
88 56 99 56
113 44 113 55
24 3 27 5
78 19 81 21
31 13 34 15
102 2 113 2
117 5 128 5
167 35 167 37
134 47 135 52
161 22 172 22
150 51 151 56
21 52 24 54
97 29 108 29
37 34 37 45
110 51 112 54
84 59 95 59
129 23 132 25
3 33 14 33
57 0 59 2
34 41 36 44
12 7 23 7
118 12 129 12
85 27 88 29
153 16 153 27
98 24 109 24
114 8 117 10
139 3 144 3
72 44 83 44
147 18 147 29
117 37 122 38
102 57 113 57
31 29 42 29
98 17 109 17
127 18 128 23
129 1 132 3
94 24 97 26
0 41 3 43
34 18 45 18
49 34 51 37
15 56 20 57
142 41 142 52
3 49 10 49
64 33 69 34
62 57 67 58
138 3 138 14
53 32 55 35
31 1 34 3
8 38 19 38
76 48 87 48
38 32 39 37
9 52 20 52
50 28 55 29
149 36 149 47
137 59 148 59
110 36 113 38
39 19 42 21
86 22 97 22
152 2 153 7
54 11 54 22
0 8 11 8
27 40 29 43
28 22 39 22
90 7 93 9
14 46 25 46
164 45 164 56
146 40 147 44
71 26 82 26
90 57 101 57
57 7 58 12
52 48 52 59
72 51 83 51
106 49 111 50
69 18 74 18
143 40 143 51
96 23 107 23
48 2 48 13
160 31 160 42
63 19 64 24
92 3 103 3
1 15 6 16
59 51 70 51
75 10 80 11
5 51 16 51
176 16 176 27
4 35 7 37
138 45 139 50
22 55 24 58
9 16 20 16
98 59 104 59
0 19 3 21
16 28 27 28
99 55 110 55
70 50 81 50
110 24 112 27
150 31 150 42
44 28 49 29
128 50 133 51
90 17 95 18
3 55 7 55
158 41 158 44
146 55 148 58
66 9 68 12
3 48 14 48
21 55 21 58
12 4 23 4
4 42 9 43
57 13 57 24
1 17 6 18
154 32 154 43
8 59 16 59
158 23 159 28
10 22 21 22
63 8 73 8
102 58 104 58
33 43 33 54
58 52 65 52
59 26 62 28
59 3 60 8
112 15 117 16
61 13 72 13
44 49 45 54
99 13 102 15
119 46 119 57
82 34 93 34
97 18 102 19
32 30 32 41
110 17 121 17
102 48 105 50
123 17 124 22
56 48 57 53
67 54 72 55
159 2 159 13
68 28 73 29
91 47 96 48
73 37 84 37
150 45 151 50
56 20 56 31
40 2 43 4
160 52 160 59
36 14 41 15
142 15 142 26
122 2 127 3
52 2 53 7
106 8 111 9
145 8 146 13
49 46 51 47
78 27 83 28
96 28 107 28
12 19 23 19
34 7 39 8
112 35 121 35
85 51 96 51
115 19 120 20
171 1 174 3
59 40 70 40
127 24 127 35
66 42 77 42
105 42 116 42
67 14 77 14
61 36 64 36
72 59 83 59
175 29 177 32
163 33 163 44
5 45 9 45
141 18 141 29
98 16 109 16
87 41 98 41
136 40 136 51
166 45 166 56
12 10 23 10
90 25 93 26
18 34 29 34
0 23 0 34
93 12 98 13
63 25 65 28
13 6 24 6
89 39 100 39
134 18 134 29
73 53 78 54
173 5 173 16
29 30 31 33
115 44 115 55
7 1 18 1
1 34 3 37
15 33 26 33
27 12 30 14
127 15 132 16
168 0 168 9
33 35 34 40
44 23 47 25
7 17 8 22
106 12 117 12
145 45 147 48
137 29 137 40
146 32 147 37
9 21 20 21
31 34 31 45
123 46 123 51
122 34 124 35
38 2 39 5
64 56 75 56
155 48 157 49
49 20 52 22
118 47 118 58
47 43 47 54
61 7 62 12
133 1 144 1
132 9 135 11
89 2 100 2
41 54 42 59
75 45 85 45
55 15 55 26
40 45 43 47
161 27 164 29
103 19 114 19
79 29 82 31
172 33 172 44
74 15 77 17
34 30 37 32
48 32 51 33
179 47 179 58
144 52 147 52
38 30 49 30
139 19 139 21
123 24 124 29
94 44 99 45
106 11 117 11
8 37 19 37
129 27 129 34
70 34 81 34
145 29 145 40
61 14 61 25
174 47 175 52
60 35 71 35
46 35 46 46
99 53 100 54
93 10 104 10
94 9 105 9
158 52 159 57
121 7 132 7
14 2 25 2
141 4 147 4
55 0 55 11
155 34 155 45
30 8 33 10
95 52 106 52
70 57 81 57
160 0 162 3
4 50 15 50
89 27 100 27
137 12 137 23
159 33 159 44
152 50 153 55
127 8 130 9
154 16 154 27
135 19 135 30
131 46 133 49
149 6 149 17
134 33 134 44
52 10 53 15
51 25 54 27
59 9 60 14
102 36 107 37
84 25 89 26
129 38 130 43
167 1 167 12
158 11 158 22
0 44 11 44
132 36 133 41
138 33 138 44
56 33 56 36
89 42 100 42
22 37 23 42
26 26 37 26
177 16 177 27
15 25 26 25
30 56 31 59
171 4 171 15
125 37 126 42
163 15 165 15
92 40 103 40
73 55 84 55
82 16 83 21
124 59 135 59
8 58 19 58
98 51 109 51
106 46 109 48
13 8 19 8
42 39 43 44
71 40 82 40
152 44 154 47
11 47 22 47
88 37 93 38
4 41 15 41
83 41 86 43
108 23 119 23
108 18 119 18
2 45 4 47
175 33 176 38
94 4 105 4
155 47 160 47
141 57 145 57
120 8 125 9
166 5 166 16
173 56 176 58
43 35 45 36
175 4 175 15
176 40 177 45
35 1 46 1
130 26 130 37
26 20 37 20
43 32 46 34
89 43 100 43
69 36 80 36
162 16 163 21
106 4 117 4
167 24 169 27
46 14 46 19
42 26 47 27
75 18 77 21
78 16 81 18
58 50 69 50
4 11 15 11
71 19 74 21
169 1 169 12
166 0 166 4
104 1 115 1
10 43 21 43
143 28 143 39
99 41 110 41
152 0 157 1
169 30 169 41
176 47 177 52
16 40 21 41
145 17 145 28
70 30 75 31
147 6 147 17
122 17 122 28
20 8 23 8
29 6 40 6
73 32 84 32
44 2 47 4
47 35 48 40
93 14 98 15
49 13 50 18
18 31 23 32
83 29 84 31
151 18 151 29
37 11 40 13
79 2 84 3
174 35 174 46
98 25 109 25
56 38 58 38
40 7 42 10
65 36 68 37
138 15 138 17
10 45 21 45
124 43 124 54
117 40 120 42
174 20 174 31
156 45 161 46
86 54 97 54
133 5 135 8
117 6 128 6
120 23 121 28
155 58 159 59
121 47 121 54
5 34 13 34
49 23 54 24
157 52 157 57
53 45 58 46
145 49 147 51
111 45 112 48
40 48 40 59
0 13 5 14
170 24 171 29
109 29 120 29
91 19 96 20
50 3 51 8
38 38 39 43
171 30 171 41
14 49 25 49
30 49 31 54
150 24 150 30
87 55 98 55
85 21 96 21
31 11 36 12
161 33 161 44
157 9 157 20
131 34 131 45
72 23 83 23
108 28 119 28
96 49 101 50
12 5 23 5
86 0 91 1
0 4 11 4
177 34 178 39
66 25 67 30
85 31 87 33
73 4 84 4
35 33 36 38
7 56 12 57
138 18 138 29
161 30 164 32
125 43 125 54
9 53 18 53
57 25 57 36
49 2 49 8
73 2 78 3
49 25 50 27
65 18 67 21
74 35 85 35
19 35 30 35
108 0 119 0
27 24 38 24
136 18 136 29
125 15 126 20
34 9 39 10
64 7 75 7
140 34 141 39
120 46 120 57
131 57 140 57
69 12 74 12
58 15 59 20
118 10 129 10
63 9 65 12
85 2 85 13
84 23 95 23
167 28 168 33
144 18 144 29
165 26 166 31
133 58 144 58
44 31 55 31
32 47 32 58
53 50 55 53
73 39 76 39
108 39 119 39
130 12 135 13
173 53 176 55
34 48 35 53
69 10 74 11
16 17 21 18
116 44 116 55
90 49 95 50
88 31 91 33
142 54 145 56
1 40 12 40
167 56 170 58
167 50 168 55
71 43 82 43
26 23 37 23
123 37 124 38
10 13 21 13
48 46 48 57
5 46 10 47
165 20 170 21
122 14 124 14
130 54 141 54
55 54 60 55
93 0 98 1
107 26 109 27
58 31 59 36
156 5 158 8
56 39 57 44
1 3 12 3
102 56 113 56
85 30 96 30
47 32 47 34
74 8 79 9
10 17 15 18
30 7 33 7
89 11 90 16
163 3 163 14
48 0 53 1
6 32 17 32
132 30 133 35
43 7 44 12
14 20 25 20
26 0 36 0
159 14 159 21
44 37 44 48
97 21 108 21
170 43 170 54
58 41 69 41
41 5 46 5
59 46 70 46
47 11 47 22
18 59 24 59
172 27 173 32
126 4 137 4
118 36 129 36
78 14 83 15
162 4 162 15
30 17 41 17
155 52 156 57
31 16 42 16
17 14 22 15
151 33 151 44
29 28 40 28
162 39 162 50
59 38 65 38
82 57 87 58
59 44 70 44
24 38 25 43
102 5 104 8
48 41 49 45
2 23 7 24
153 31 153 42
167 38 167 49
142 8 144 11
17 30 28 30
136 55 141 56
45 37 45 48
127 38 128 43
127 47 130 49
34 54 35 59
161 24 166 25
39 44 39 55
100 35 111 35
148 4 148 15
51 16 53 19
25 52 27 55
2 38 7 39
70 41 81 41
59 43 70 43
169 43 169 50
170 7 170 18
4 9 9 10
62 18 62 25
139 22 139 33
105 58 110 59
102 31 113 31
177 54 178 59
50 38 51 43
78 56 86 56
62 17 73 17
59 29 64 30
8 35 13 36
133 2 144 2
24 9 29 10
28 45 28 56
32 4 37 5
50 50 51 55
14 0 25 0
19 11 30 11
2 58 7 59
0 9 0 12
143 5 146 7
40 22 42 25
1 22 1 29
160 14 161 19
54 38 55 43
134 53 145 53
61 3 72 3
129 17 130 22
59 45 70 45
72 47 83 47
150 2 151 7
72 25 83 25
121 39 124 41
